Number of frontends: 1

ops_per_second
64.69630000000000000000
103.33330000000000000000
173.33360000000000000000
324.99970000000000000000
550.00000000000000000000
750.00000000000000000000

average
15.54691000000000000000
17.59985000000000000000
21.21335000000000000000
19.67030000000000000000
19.86039000000000000000
18.21118000000000000000

90th
29.62912000000000000000
33.11326000000000000000
38.43569000000000000000
37.06790000000000000000
43.46699000000000000000
41.46569000000000000000

99th
108.03938000000000000000
115.03110000000000000000
120.85590000000000000000
122.63340000000000000000
129.40000000000000000000
143.89030000000000000000

Number of frontends: 2

ops_per_second
72.19172000000000000000
104.44440000000000000000
205.00000000000000000000
466.66660000000000000000
900.00000000000000000000
1000.00000000000000000000

average
14.15753000000000000000
17.90538000000000000000
9.50417100000000000000
4.41158900000000000000
1.96856100000000000000
2.0940220000000000000

90th
27.36621000000000000000
32.72448000000000000000
24.39148000000000000000
12.75587700000000000000
3.75634810000000000000
3.95031700000000000000

99th
95.62634000000000000000
115.09000000000000000000
111.08630000000000000000
66.73523000000000000000
29.54730000000000000000
27.35124000000000000000

Number of frontends: 4

ops_per_second
70.14654000000000000000
106.66660000000000000000
200.00000000000000000000
369.99980000000000000000
700.00000000000000000000
708.33330000000000000000

average
14.58099000000000000000
17.47599000000000000000
18.42551000000000000000
10.12111200000000000000
4.83559400000000000000
4.79261700000000000000

90th
27.81677000000000000000
32.19565000000000000000
33.47857000000000000000
24.67703000000000000000
12.24887000000000000000
11.23780400000000000000

99th
99.23411000000000000000
114.99560000000000000000
118.40570000000000000000
110.48940000000000000000
69.58065000000000000000
66.06753000000000000000

Number of frontends: 8
ops_per_second
57.26480000000000000000
103.33330000000000000000
196.66670000000000000000
366.66640000000000000000
700.00000000000000000000
733.33330000000000000000

average
17.56463000000000000000
18.00141000000000000000
18.46783000000000000000
18.72922000000000000000
9.06978600000000000000
8.65883700000000000000

90th
32.50611000000000000000
32.77563000000000000000
33.75526000000000000000
34.75288000000000000000
22.87019000000000000000
20.44009000000000000000

99th
116.01120000000000000000
115.97000000000000000000
118.09490000000000000000
120.80830000000000000000
99.55617000000000000000
112.62373000000000000000

Number of frontends: 16
ops_per_second
55.03443000000000000000
101.66663000000000000000
196.66670000000000000000
366.66640000000000000000
600.00000000000000000000
750.00000000000000000000

average
18.15582000000000000000
18.58680000000000000000
18.57581000000000000000
18.81197000000000000000
20.08339000000000000000
16.12624000000000000000

90th
33.15913000000000000000
33.05012000000000000000
34.27012000000000000000
34.90849000000000000000
37.70110000000000000000
33.89267000000000000000

99th
115.85640000000000000000
116.40460000000000000000
119.42030000000000000000
121.62090000000000000000
137.22330000000000000000
130.82220000000000000000

Number of frontends: 20
ops_per_second
57.22394000000000000000
100.00000000000000000000
200.00000000000000000000
349.99970000000000000000
600.00000000000000000000
750.00000000000000000000
average
17.51004000000000000000
18.57062000000000000000
18.54901000000000000000
18.87092000000000000000
19.88817000000000000000
18.16970000000000000000

90th
32.04807000000000000000
33.44091000000000000000
33.81568000000000000000
34.75388000000000000000
37.25788000000000000000
34.53062000000000000000

99th
114.74100000000000000000
115.93710000000000000000
118.25430000000000000000
121.17660000000000000000
135.74130000000000000000
120.91670000000000000000