ops_per_second
575.00000000000000000000
433.33320000000000000000
358.33310000000000000000
294.99980000000000000000
169.16690000000000000000
89.87014000000000000000

average
1.92112800000000000000
2.47424900000000000000
2.86644800000000000000
3.54962500000000000000
5.99548000000000000000
11.15919000000000000000

90th
2.50437100000000000000
3.48842900000000000000
4.59523900000000000000
6.16259900000000000000
11.17976000000000000000
21.37934000000000000000

99th
5.79509100000000000000
9.18044400000000000000
14.98470000000000000000
22.18176000000000000000
44.13430000000000000000
85.52707000000000000000