ops_per_second
95.87413000000000000000
179.16680000000000000000
333.33310000000000000000
620.00000000000000000000
725.00000000000000000000
725.00000000000000000000

average
207.33660000000000000000
111.44590000000000000000
61.83172000000000000000
34.78019000000000000000
23.73232000000000000000
23.67710000000000000000

90th
284.05500000000000000000
148.35790000000000000000
86.03018000000000000000
48.20615000000000000000
37.76392000000000000000
37.10921000000000000000

99th
551.06630000000000000000
393.14190000000000000000
347.84660000000000000000
334.11750000000000000000
348.01810000000000000000
355.88500000000000000000