ops_per_second
53.79746000000000000000
102.22220000000000000000
200.00000000000000000000
366.66640000000000000000
600.00000000000000000000
750.00000000000000000000

average
18.65591000000000000000
18.25157000000000000000
18.30133000000000000000
18.62326000000000000000
19.30983000000000000000
18.74014000000000000000

90th
33.60752000000000000000
32.84170000000000000000
33.35301000000000000000
34.66388000000000000000
36.61033000000000000000
36.25450000000000000000

99th
114.63610000000000000000
113.71970000000000000000
115.38980000000000000000
118.48410000000000000000
124.42670000000000000000
119.66170000000000000000